     0/499      2.1G    0.1183   0.03951   0.06536    0.2232        61       640  1.81e-05  0.002083 1.073e-06 1.073e-07    0.1059    0.0361   0.05794
     1/499     2.23G     0.107   0.03864   0.06059    0.2062        55       640  0.006552   0.02738  0.004189 0.0006301   0.09869   0.03548   0.05514
     2/499     2.23G   0.09816    0.0384   0.05475    0.1913        30       640    0.9067   0.04911   0.02465  0.004397   0.09131   0.03374   0.05167
     3/499     2.23G   0.08844   0.03984   0.04722    0.1755        40       640   0.05276      0.25   0.08164   0.02372   0.08378   0.03148   0.04645
     4/499     2.23G   0.07864   0.03863   0.04166    0.1589        36       640    0.9382   0.08482   0.07962   0.01419   0.07401    0.0295   0.04146
     5/499     2.23G   0.07411   0.03301   0.03629    0.1434        33       640     0.965    0.1092    0.1418    0.0619    0.0626   0.02742   0.03596
     6/499     2.23G   0.06975   0.03223   0.02967    0.1317        53       640   0.08229    0.3142    0.1776   0.04892   0.06703   0.02461   0.03205
     7/499     2.23G   0.06495   0.03034   0.02643    0.1217        50       640     0.792    0.2853    0.3396    0.1668   0.05496   0.02466   0.02912
     8/499     2.23G   0.06373    0.0279   0.02279    0.1144        34       640    0.8514    0.2939    0.3319    0.1281   0.05104   0.02332   0.02673
     9/499     2.23G   0.06384   0.02795   0.02107    0.1129        47       640    0.8237    0.2949    0.3196    0.1049   0.05346   0.02175   0.02299
    10/499     2.23G   0.06095   0.02696   0.01897    0.1069        65       640    0.7083    0.3553    0.3455    0.1482   0.05517   0.01977   0.02267
    11/499     2.23G   0.05935   0.02539   0.01696    0.1017        46       640    0.6989    0.3963    0.3369   0.08328   0.05431   0.01853   0.01989
    12/499     2.23G   0.05701   0.02576   0.01441   0.09718        43       640     0.824     0.331    0.4524    0.1501   0.04722    0.0184   0.01777
    13/499     2.23G   0.06062   0.02345    0.0137   0.09777        44       640    0.7806    0.3747    0.4652    0.1814   0.05881   0.01757   0.01712
    14/499     2.23G   0.06345   0.02124   0.01252   0.09721        44       640    0.5654    0.5528    0.3844    0.1439   0.05899   0.01649    0.0181
    15/499     2.23G   0.06291   0.02113   0.01287   0.09691        53       640    0.7359    0.5243    0.5688    0.2524   0.04929   0.01625   0.01599
    16/499     2.23G   0.05827   0.02041   0.01199   0.09068        42       640    0.6466     0.559    0.5709    0.2454   0.04841   0.01552   0.01475
    17/499     2.23G   0.05725   0.02067   0.01151   0.08943        48       640    0.7702    0.5448    0.6185    0.3144   0.04353   0.01538   0.01368
    18/499     2.23G   0.05577   0.01879  0.009781   0.08434        57       640    0.6716    0.5965    0.6294    0.3243   0.04714   0.01433     0.014
    19/499     2.23G   0.05425   0.01927   0.01033   0.08385        47       640     0.576    0.6708    0.6447    0.3045    0.0395   0.01499   0.01343
    20/499     2.23G    0.0518   0.01913  0.009905   0.08084        39       640    0.6946    0.6528    0.8465    0.3819   0.04297   0.01393   0.01258
    21/499     2.23G   0.05141   0.01898  0.009097   0.07949        51       640    0.6471    0.6792    0.8262    0.4564   0.04514   0.01376   0.01245
    22/499     2.23G   0.05623   0.01822  0.009557   0.08402        47       640     0.404    0.9123    0.6996    0.2643   0.05956   0.01322    0.0117
    23/499     2.23G   0.05395   0.01832  0.009352   0.08161        49       640    0.4504    0.9271    0.7688    0.3804   0.04068    0.0131   0.01232
    24/499     2.23G    0.0507   0.01839  0.009373   0.07847        46       640    0.3727    0.9718    0.7464    0.2549   0.04441   0.01306   0.01125
    25/499     2.23G   0.05258   0.01674  0.008141   0.07747        33       640    0.4379    0.9979    0.7593    0.3333   0.04782   0.01327   0.01148
    26/499     2.23G    0.0515   0.01781  0.008539   0.07784        48       640    0.5152         1    0.8498    0.3785   0.04048    0.0118   0.01126
    27/499     2.23G   0.04909   0.01639  0.007704   0.07318        47       640    0.5004     0.875    0.7698    0.3705   0.04315   0.01251    0.0111
    28/499     2.23G   0.04927   0.01744  0.008099    0.0748        38       640    0.5151    0.9882    0.9159    0.5203   0.03761   0.01215   0.01199
    29/499     2.23G   0.04511   0.01585  0.008161   0.06912        56       640     0.466    0.9875    0.8502    0.4075   0.04673    0.0125   0.01069
    30/499     2.23G   0.04771   0.01539  0.007849   0.07095        55       640    0.6062    0.9826    0.9232    0.5285   0.03467   0.01168   0.01071
    31/499     2.23G   0.04692   0.01645  0.007773   0.07115        34       640    0.5173    0.9896    0.8593    0.3856   0.04093   0.01147   0.01002
    32/499     2.23G   0.04931   0.01643  0.007328   0.07307        57       640    0.6185      0.95    0.9567    0.4759   0.03738   0.01159   0.01008
    33/499     2.23G   0.04506   0.01512  0.007075   0.06726        27       640    0.5658    0.9903    0.9489    0.4471   0.03765   0.01181  0.009987
    34/499     2.23G   0.04249    0.0158  0.007368   0.06566        53       640    0.7863    0.9056    0.9518    0.5417    0.0366    0.0123  0.009763
    35/499     2.23G      0.05   0.01625  0.008385   0.07463        45       640    0.6016    0.9097    0.8553    0.5076   0.03725   0.01096  0.009606
    36/499     2.23G    0.0459   0.01516  0.006802   0.06787        49       640    0.6904    0.9346    0.8806    0.3868   0.04546    0.0116  0.008595
    37/499     2.23G   0.04365   0.01498  0.005765    0.0644        47       640    0.6619    0.9134    0.9086    0.5005   0.04477   0.01125  0.008821
    38/499     2.23G   0.04406   0.01481  0.006727    0.0656        46       640    0.8507    0.9164    0.9687    0.5908   0.03208   0.01076  0.008509
    39/499     2.23G   0.04172   0.01518  0.005947   0.06284        52       640    0.8139    0.8911    0.9691    0.4992   0.03526   0.01087  0.007993
    40/499     2.23G   0.03807   0.01469  0.005752   0.05851        58       640    0.8267     0.919    0.9455    0.5646   0.03043   0.01104  0.007795
    41/499     2.23G   0.03641     0.014  0.005634   0.05604        41       640    0.7473    0.8948    0.8888    0.4681   0.03269   0.01047  0.007036
    42/499     2.23G   0.03881    0.0148   0.00573   0.05935        40       640    0.8102    0.9165    0.9287    0.5568   0.03107    0.0105  0.006608
    43/499     2.23G   0.03579   0.01435   0.00512   0.05527        45       640    0.8821    0.9251    0.9597    0.5597   0.03202   0.01022  0.006017
    44/499     2.23G   0.03863   0.01465  0.005021    0.0583        35       640     0.827    0.9563    0.9667    0.6424   0.02532  0.009756  0.006001
    45/499     2.23G   0.03646   0.01403  0.004852   0.05534        60       640     0.858    0.9844    0.9591    0.5936   0.02905   0.00997  0.005598
    46/499     2.23G   0.03454   0.01369  0.004518   0.05275        53       640    0.9012    0.9156    0.9517     0.676   0.02564   0.00929  0.005598
    47/499     2.23G   0.03321   0.01398  0.004566   0.05176        70       640     0.834    0.9812     0.963    0.6405    0.0246  0.009345  0.005174
    48/499     2.23G   0.03162   0.01379  0.004059   0.04947        49       640    0.9571    0.9563    0.9751    0.6667   0.02362  0.009659  0.004963
    49/499     2.23G   0.03065   0.01301  0.004426   0.04809        55       640    0.9183    0.9683    0.9918    0.6466   0.02461  0.009471  0.004954
    50/499     2.23G   0.03273   0.01334  0.004255   0.05033        40       640    0.8972    0.9978    0.9874    0.6253   0.02283  0.009864  0.005257
    51/499     2.23G   0.02997   0.01293  0.004337   0.04724        31       640    0.9338    0.9976    0.9926    0.6561    0.0236  0.009469   0.00479
    52/499     2.23G   0.03034   0.01356  0.004054   0.04796        53       640    0.8827    0.9978    0.9927    0.6617   0.02487  0.009581  0.005458
    53/499     2.23G   0.02959    0.0128  0.004501   0.04689        38       640    0.9719    0.9648    0.9911    0.6803   0.02374  0.009333  0.004994
    54/499     2.23G   0.03077   0.01302  0.004207     0.048        65       640     0.911    0.9576    0.9925    0.7222   0.02264  0.009372  0.004649
    55/499     2.23G   0.02971   0.01353  0.004154    0.0474        55       640    0.9628    0.9828    0.9915    0.7097   0.02121  0.008842   0.00439
    56/499     2.23G   0.02806   0.01342  0.003792   0.04527        67       640     0.926    0.9906    0.9662    0.6603    0.0255  0.009513  0.004348
    57/499     2.23G   0.02914   0.01266  0.003763   0.04556        50       640    0.9361     0.987    0.9846    0.7751   0.02175  0.008776  0.004213
    58/499     2.23G   0.02759   0.01184   0.00353   0.04296        55       640    0.9751    0.9447    0.9869    0.7335   0.02281  0.008591  0.003993
    59/499     2.23G   0.02649   0.01271  0.003559   0.04276        44       640    0.9608    0.9875    0.9951    0.7372   0.01992  0.008285  0.004028
    60/499     2.23G   0.02813   0.01267  0.003693    0.0445        67       640    0.9784    0.9812    0.9947    0.7572   0.01892  0.008723  0.003991
    61/499     2.23G   0.02604   0.01189  0.003433   0.04136        53       640    0.9685    0.9897    0.9943    0.7029   0.02064  0.008914  0.003666
    62/499     2.23G   0.02643   0.01173  0.003111   0.04127        46       640    0.9803    0.9895    0.9951    0.7441   0.01855  0.008794  0.003531
    63/499     2.23G   0.02728   0.01191  0.003386   0.04258        47       640    0.9725    0.9875    0.9951    0.7374   0.02181  0.009418  0.003431
    64/499     2.23G   0.02575   0.01171  0.003445   0.04091        50       640    0.9569    0.9937    0.9951     0.769    0.0176  0.008907   0.00352
    65/499     2.23G   0.02748   0.01241  0.003043   0.04293        55       640    0.9839    0.9937     0.995     0.769   0.02017  0.008655  0.003571
    66/499     2.23G   0.02601     0.012  0.003355   0.04137        50       640    0.9842    0.9895    0.9945    0.7165   0.01902  0.008387  0.003408
    67/499     2.23G   0.02683   0.01151  0.002964    0.0413        43       640    0.9807    0.9693    0.9935    0.7231   0.02144  0.008739  0.003296
    68/499     2.23G    0.0246   0.01194  0.002958    0.0395        52       640    0.9626    0.9699     0.994    0.7349   0.02107  0.008422  0.002932
    69/499     2.23G   0.02409   0.01144  0.002664    0.0382        52       640    0.9743    0.9689    0.9953    0.7328   0.01859  0.008081  0.002843
    70/499     2.23G   0.02393    0.0116  0.003021   0.03855        61       640    0.9856    0.9876    0.9954    0.7217   0.01849  0.008203  0.002961
    71/499     2.23G    0.0235   0.01129  0.003037   0.03783        38       640     0.924    0.9774    0.9901    0.6794   0.02056  0.008129  0.002842
    72/499     2.23G   0.02719   0.01122  0.002921   0.04133        50       640    0.9072    0.9829    0.9929    0.6953   0.02462  0.008767  0.002829
    73/499     2.23G   0.02564   0.01153  0.002775   0.03995        48       640    0.9759    0.9911    0.9937    0.7883   0.01666  0.008157  0.002791
    74/499     2.23G   0.02383   0.01126  0.003035   0.03812        29       640    0.9732    0.9895    0.9934    0.7469   0.01976  0.008147  0.002685
    75/499     2.23G     0.026   0.01194    0.0031   0.04104        42       640    0.9599     0.991    0.9952    0.7596   0.01738  0.007803  0.002706
    76/499     2.23G   0.02495   0.01134  0.002802    0.0391        48       640    0.9846    0.9937    0.9926    0.7929   0.01972  0.008069  0.002599
    77/499     2.23G   0.02304   0.01127  0.002677   0.03699        51       640     0.985     0.983    0.9951    0.7252   0.01701  0.007619  0.002455
    78/499     2.23G    0.0225   0.01144    0.0024   0.03635        54       640    0.9653    0.9825    0.9946     0.758   0.01973  0.007855  0.002419
    79/499     2.23G   0.02293   0.01099  0.002784    0.0367        49       640    0.9795    0.9821    0.9947    0.7992    0.0175  0.008037  0.002511
    80/499     2.23G   0.02395   0.01086  0.002811   0.03762        29       640    0.9843    0.9825    0.9947    0.7832   0.01666  0.007767    0.0025
    81/499     2.23G   0.02363   0.01088  0.002487   0.03699        56       640    0.9842    0.9377     0.993    0.7454   0.01824  0.007885  0.002383
    82/499     2.23G   0.02236   0.01087  0.002505   0.03574        37       640    0.9808    0.9825    0.9934    0.7814   0.01605  0.007441  0.002414
    83/499     2.23G   0.02203   0.01083  0.002521   0.03538        63       640    0.9828    0.9823    0.9939    0.7507   0.01753  0.007964  0.002325
    84/499     2.23G   0.02368   0.01153  0.002404   0.03761        44       640    0.9842    0.9896    0.9954    0.8246     0.018  0.008107  0.002278
    85/499     2.23G   0.02233   0.01124  0.002474   0.03604        42       640    0.9794    0.9904    0.9955    0.8076    0.0165  0.007681   0.00246
    86/499     2.23G   0.02187   0.01048   0.00264   0.03499        40       640    0.9899    0.9794    0.9953    0.8207   0.01594  0.007646  0.002357
    87/499     2.23G   0.02258   0.00994  0.002481     0.035        44       640     0.975    0.9824    0.9954    0.7371    0.0193  0.007714  0.002304
    88/499     2.23G   0.02241   0.01145  0.002301   0.03616        57       640    0.9797    0.9901    0.9953    0.8155   0.01628  0.007659  0.002465
    89/499     2.23G   0.02148   0.01087  0.002608   0.03495        53       640    0.9752    0.9938    0.9953    0.7773   0.01768  0.007535  0.002466
    90/499     2.23G   0.02464   0.01159  0.002347   0.03857        28       640    0.9827    0.9937    0.9952    0.7587   0.01677  0.007681  0.002254
    91/499     2.23G   0.02234   0.01096  0.002377   0.03567        51       640    0.9751    0.9838     0.995    0.7738   0.01578   0.00732  0.002243
    92/499     2.23G   0.02218   0.01057  0.002419   0.03516        40       640    0.9431    0.9877    0.9952    0.7938   0.01656  0.008104  0.002311
    93/499     2.23G   0.02045    0.0104  0.002375   0.03322        49       640    0.9859    0.9805    0.9942    0.8096   0.01503  0.007463  0.002272
    94/499     2.23G   0.02046   0.01084  0.002489   0.03379        62       640    0.9873    0.9816    0.9929     0.809   0.01442  0.007507  0.002249
    95/499     2.23G   0.02174   0.01117  0.002274   0.03519        35       640     0.991    0.9896    0.9948     0.791   0.01615  0.007547  0.002138
    96/499     2.23G    0.0219   0.01073  0.002238   0.03487        37       640    0.9891    0.9937    0.9953    0.7968    0.0164  0.007583  0.002128
    97/499     2.23G   0.02243   0.01114  0.002171   0.03573        46       640    0.9518    0.9688    0.9578    0.7661   0.01901  0.008255  0.002087
    98/499     2.23G   0.01937  0.009942  0.002115   0.03143        51       640    0.9859     0.984    0.9948    0.8054   0.01459  0.007448  0.001995
    99/499     2.23G   0.02098   0.01054  0.002163   0.03368        53       640    0.9923    0.9815    0.9951    0.7513   0.01711  0.008097  0.001965
   100/499     2.23G   0.02161   0.01065  0.002352   0.03461        53       640    0.9913    0.9812    0.9918    0.8087   0.01498  0.007914  0.001988
   101/499     2.23G   0.01997   0.01066  0.002082   0.03271        44       640    0.9831    0.9823    0.9942     0.772   0.01562  0.007611  0.001935
   102/499     2.23G   0.01978  0.009675  0.002141    0.0316        45       640    0.9655      0.99    0.9954    0.7837   0.01585  0.007657  0.001886
   103/499     2.23G   0.01875   0.00987  0.001975    0.0306        36       640    0.9862    0.9937    0.9954    0.8105   0.01425  0.007563  0.001968
   104/499     2.23G   0.01923   0.01029  0.002146   0.03167        46       640    0.9758    0.9822    0.9954      0.74   0.01867  0.007751  0.002016
   105/499     2.23G   0.02134  0.009981  0.002392   0.03371        46       640    0.9935    0.9938    0.9954    0.7701    0.0175  0.007474  0.002102
   106/499     2.23G   0.02034   0.01054  0.002071   0.03295        50       640    0.9916    0.9825    0.9953    0.7723   0.01474  0.007382  0.001994
   107/499     2.23G   0.01936   0.01013  0.002125   0.03162        51       640    0.9824     0.982    0.9953    0.8025   0.01649  0.007719  0.001828
   108/499     2.23G   0.01877  0.009941  0.002022   0.03073        47       640    0.9416    0.9824    0.9952    0.7832   0.01426   0.00716  0.001841
   109/499     2.23G    0.0191  0.009746  0.002055    0.0309        60       640    0.9886    0.9829    0.9949    0.8134   0.01459  0.007134  0.001865
   110/499     2.23G   0.02001   0.01068  0.002126   0.03281        46       640    0.9856    0.9822    0.9929    0.8408   0.01382  0.006758  0.002022
   111/499     2.23G   0.01886    0.0101  0.002119   0.03107        38       640    0.9822    0.9819    0.9909    0.8079   0.01581  0.007249  0.002016
   112/499     2.23G   0.01882  0.009976  0.002089   0.03088        36       640    0.9817    0.9822     0.995    0.8388   0.01506  0.007113  0.001871
   113/499     2.23G   0.01946  0.009465  0.001758   0.03068        45       640    0.9858    0.9825    0.9954    0.8228   0.01682  0.007623  0.001756
   114/499     2.23G   0.02021  0.009931  0.001856     0.032        38       640    0.9867    0.9827    0.9955    0.8176   0.01463  0.007214  0.001717
   115/499     2.23G   0.02136   0.01034  0.001916   0.03362        35       640    0.9867    0.9942    0.9954    0.8036   0.01485  0.007161  0.001857
   116/499     2.23G   0.02125   0.01072  0.002179   0.03415        37       640    0.9263    0.9812    0.9948    0.7413   0.01576  0.007366  0.001894
   117/499     2.23G   0.01883  0.009683  0.002002   0.03052        49       640    0.9887    0.9817    0.9942    0.8098   0.01597  0.007258  0.001894
   118/499     2.23G   0.01663   0.00952  0.001986   0.02814        52       640    0.9787    0.9682     0.995    0.8433   0.01435   0.00707  0.001855
   119/499     2.23G   0.01825  0.009414  0.001672   0.02934        49       640    0.9839    0.9938    0.9954    0.8264   0.01408  0.006886  0.001802
   120/499     2.23G   0.01857   0.01031  0.002252   0.03114        70       640    0.9851    0.9901    0.9953    0.8432   0.01351  0.006953  0.001902
   121/499     2.23G   0.01881   0.01027  0.002047   0.03113        55       640    0.9881    0.9812    0.9905    0.8121   0.01391  0.007389  0.001976
   122/499     2.23G   0.01687   0.01025  0.002137   0.02925        52       640    0.9899    0.9816    0.9931    0.8595   0.01409  0.007222  0.001799
   123/499     2.23G   0.01855  0.009758  0.001799   0.03011        46       640    0.9909    0.9823    0.9949    0.7956   0.01644  0.007688  0.001635
   124/499     2.23G   0.01849  0.009867  0.001763   0.03012        41       640    0.9928    0.9813    0.9936    0.8201    0.0149  0.007355  0.001733
   125/499     2.23G      0.02   0.01005  0.001999   0.03204        39       640    0.9959    0.9816    0.9934    0.8349   0.01342  0.007075  0.001887
   126/499     2.23G   0.01939  0.009559  0.001935   0.03089        60       640     0.992    0.9817    0.9921    0.8503   0.01278  0.006805  0.001823
   127/499     2.23G   0.01859  0.009426  0.001782    0.0298        65       640    0.9913    0.9814    0.9918    0.8184   0.01424  0.007035  0.001713
   128/499     2.23G   0.01749  0.009423  0.001733   0.02865        35       640    0.9904    0.9822    0.9942    0.8009   0.01426  0.007079  0.001655
   129/499     2.23G   0.01931  0.009714  0.001703   0.03073        44       640    0.9905    0.9823    0.9943    0.8091   0.01399  0.006902  0.001614
   130/499     2.23G   0.01933  0.009935  0.001794   0.03106        60       640     0.989    0.9828    0.9944    0.8314    0.0132  0.007207  0.001714
   131/499     2.23G   0.01763  0.009854  0.001906   0.02939        46       640    0.9897    0.9896    0.9955    0.8098    0.0138  0.007387  0.001753
   132/499     2.23G   0.01918  0.009677  0.001829   0.03068        53       640    0.9893    0.9937    0.9954     0.834   0.01355  0.007034  0.001692
   133/499     2.23G   0.01772  0.009774  0.001857   0.02935        56       640     0.991    0.9937    0.9954    0.8257   0.01359  0.007423   0.00168
   134/499     2.23G   0.01723  0.009466  0.001683   0.02838        56       640    0.9908    0.9937    0.9954     0.849   0.01398   0.00719  0.001665
   135/499     2.23G   0.01849   0.00994   0.00173   0.03016        46       640    0.9874    0.9896    0.9952    0.8229    0.0123   0.00679  0.001653
   136/499     2.23G   0.01672  0.009133  0.001673   0.02752        45       640    0.9894    0.9938    0.9954    0.8206   0.01334  0.006975    0.0016
   137/499     2.23G   0.01729  0.008912  0.001577   0.02778        54       640    0.9849    0.9896    0.9941    0.8201   0.01443  0.007233  0.001596
   138/499     2.23G   0.01634  0.009185  0.001772    0.0273        33       640    0.9866    0.9823    0.9935    0.8267   0.01462  0.006894  0.001612
   139/499     2.23G   0.01707  0.009376  0.001922   0.02837        53       640    0.9896    0.9815    0.9913    0.8327   0.01343  0.006819  0.001724
   140/499     2.23G   0.01716  0.009252  0.001872   0.02829        26       640    0.9881    0.9826    0.9952     0.841   0.01281  0.006459  0.001735
   141/499     2.23G   0.01752  0.008953  0.001839   0.02832        49       640    0.9875      0.99    0.9954    0.8356   0.01324  0.006848  0.001654
   142/499     2.23G   0.01882  0.009706  0.001812   0.03033        43       640     0.988    0.9938    0.9954    0.8173   0.01544  0.007216  0.001606
   143/499     2.23G   0.01879  0.009369  0.001694   0.02986        53       640    0.9832    0.9937    0.9951    0.8529   0.01254  0.007071  0.001608
   144/499     2.23G   0.01786  0.009517   0.00176   0.02913        52       640    0.9874    0.9828    0.9944    0.8254   0.01359  0.007058  0.001572
   145/499     2.23G    0.0184   0.01054  0.001685   0.03063        47       640    0.9895    0.9875    0.9944    0.8334   0.01342  0.007079    0.0016
   146/499     2.23G   0.01745  0.009208  0.001691   0.02835        46       640    0.9904    0.9895     0.995    0.8214   0.01387  0.007103  0.001712
   147/499     2.23G   0.01657   0.00934  0.001725   0.02763        48       640    0.9882    0.9896    0.9954    0.8895   0.01134  0.006388  0.001586
   148/499     2.23G   0.01677  0.009389   0.00164    0.0278        39       640    0.9812    0.9938    0.9949     0.848   0.01376  0.006937  0.001549
   149/499     2.23G   0.01729  0.009465  0.001797   0.02856        46       640    0.9892    0.9826    0.9947    0.8369   0.01297  0.006784  0.001569
   150/499     2.23G   0.01793  0.009197  0.001738   0.02887        38       640    0.9876     0.982    0.9939    0.8509   0.01257  0.006983  0.001569
   151/499     2.23G   0.01683  0.009343  0.001642   0.02781        35       640    0.9265    0.9821    0.9935    0.8182   0.01415  0.007338  0.001505
   152/499     2.23G   0.01818  0.009603  0.001666   0.02945        59       640    0.9865    0.9825    0.9949    0.8663   0.01297  0.007184  0.001613
   153/499     2.23G   0.01541  0.009048  0.001554   0.02601        49       640    0.9894     0.994    0.9954    0.8619   0.01317  0.006793  0.001671
   154/499     2.23G   0.01638  0.009101  0.001577   0.02706        52       640    0.9919    0.9939    0.9955    0.8625    0.0124  0.006504  0.001636
   155/499     2.23G   0.01686  0.009439  0.001568   0.02787        56       640    0.9881    0.9938    0.9954    0.8613   0.01151  0.006687  0.001571
   156/499     2.23G   0.01563  0.009112  0.001579   0.02632        44       640    0.9878    0.9938    0.9954    0.8633   0.01252  0.006869  0.001439
   157/499     2.23G   0.01585   0.00935  0.001558   0.02676        38       640    0.9913    0.9833    0.9955    0.8476   0.01323  0.006884  0.001366
   158/499     2.23G   0.01595   0.00826   0.00144   0.02565        43       640     0.988    0.9938    0.9955     0.857   0.01312  0.006798  0.001334
   159/499     2.23G   0.01843   0.01019   0.00151   0.03013        50       640    0.9883    0.9938    0.9956    0.8374   0.01313  0.006905  0.001397
   160/499     2.23G   0.01632  0.009541  0.001577   0.02743        47       640    0.9894    0.9938    0.9955    0.8535   0.01277  0.006583  0.001506
   161/499     2.23G   0.01672  0.009843  0.001599   0.02816        46       640    0.9868    0.9937    0.9955    0.8421    0.0129  0.006965  0.001561
   162/499     2.23G   0.01576   0.00889  0.001595   0.02624        43       640    0.9868    0.9896    0.9953    0.8832   0.01161  0.006614  0.001573
   163/499     2.23G    0.0155  0.008376  0.001516    0.0254        62       640    0.9912    0.9828    0.9946    0.8548   0.01326  0.006959  0.001505
   164/499     2.23G   0.01521  0.008751  0.001617   0.02557        35       640     0.991    0.9826     0.994    0.8602   0.01191  0.006488  0.001396
   165/499     2.23G   0.01542  0.009249  0.001542   0.02621        42       640    0.9859    0.9938    0.9953    0.8646    0.0116  0.006362   0.00134
   166/499     2.23G   0.01629  0.009691  0.001464   0.02745        42       640    0.9869    0.9896    0.9949    0.8641   0.01254  0.006554  0.001368
   167/499     2.23G   0.01713  0.008943  0.001695   0.02777        53       640    0.9842    0.9896    0.9947    0.8333   0.01341  0.006929  0.001412
   168/499     2.23G   0.01516  0.008913   0.00152    0.0256        49       640     0.987    0.9896    0.9952    0.8674    0.0116  0.006549  0.001454
   169/499     2.23G   0.01479  0.008715  0.001563   0.02507        45       640    0.9819    0.9938     0.995    0.8748   0.01229  0.006537  0.001528
   170/499     2.23G   0.01541  0.009352  0.001598   0.02636        46       640    0.9914    0.9819    0.9949     0.833   0.01204  0.006566  0.001637
   171/499     2.23G   0.01607  0.009216  0.001594   0.02688        61       640    0.9953    0.9817    0.9953    0.8441   0.01242  0.006975  0.001567
   172/499     2.23G   0.01559  0.009281  0.001605   0.02647        47       640     0.989    0.9896    0.9952    0.8414    0.0124  0.007127  0.001398
   173/499     2.23G   0.01505  0.008742  0.001469   0.02526        42       640    0.9941    0.9822    0.9947    0.8661    0.0119  0.006829  0.001309
   174/499     2.23G   0.01506  0.008397  0.001284   0.02474        35       640     0.992     0.983    0.9941    0.8686   0.01171  0.006354  0.001287
   175/499     2.23G   0.01632  0.009171  0.001551   0.02704        41       640    0.9856    0.9896     0.995    0.8734   0.01204  0.006494  0.001335
   176/499     2.23G   0.01503  0.008444    0.0015   0.02498        41       640    0.9936    0.9821    0.9931    0.8554   0.01209   0.00667  0.001336
   177/499     2.23G   0.01544  0.009112  0.001494   0.02604        37       640    0.9954    0.9813    0.9916    0.8414   0.01213  0.006262  0.001308
   178/499     2.23G   0.01458  0.008604  0.001431   0.02462        57       640    0.9957    0.9815    0.9912     0.817   0.01315  0.006655  0.001306
   179/499     2.23G    0.0158   0.00866   0.00155   0.02601        47       640     0.994    0.9821    0.9922    0.8654   0.01214  0.006432  0.001383
   180/499     2.23G   0.01578  0.008894  0.001489   0.02616        46       640    0.9941    0.9815    0.9914    0.8702   0.01116  0.005979  0.001378
   181/499     2.23G   0.01571  0.008683  0.001491   0.02588        39       640     0.993     0.982    0.9933    0.8491   0.01277  0.006461  0.001349
   182/499     2.23G    0.0166  0.009285  0.001405   0.02729        36       640    0.9914    0.9917     0.995    0.8622   0.01183  0.006448  0.001356
   183/499     2.23G   0.01446  0.008059  0.001334   0.02385        49       640    0.9881    0.9937    0.9944      0.84   0.01254   0.00655  0.001378
   184/499     2.23G   0.01514  0.009505  0.001526   0.02617        69       640    0.9886    0.9896    0.9936     0.849   0.01232  0.006392  0.001405
   185/499     2.23G   0.01586  0.008349  0.001476   0.02569        31       640    0.9929    0.9824    0.9911    0.8331   0.01161  0.006313  0.001384
   186/499     2.23G   0.01525  0.008863  0.001363   0.02548        49       640    0.9896    0.9821     0.992    0.8084   0.01316  0.006409  0.001319
   187/499     2.23G   0.01532  0.008879  0.001324   0.02552        42       640    0.9928    0.9826    0.9915    0.8587   0.01161  0.006239  0.001275
   188/499     2.23G   0.01451  0.008312  0.001339   0.02416        39       640    0.9951    0.9938    0.9954    0.8521   0.01226   0.00673  0.001273
   189/499     2.23G   0.01523  0.008743  0.001331    0.0253        39       640     0.993    0.9937    0.9949    0.8473   0.01165  0.006502  0.001298
   190/499     2.23G   0.01488   0.00854  0.001414   0.02484        53       640     0.995    0.9938    0.9955    0.8493   0.01159  0.006208  0.001338
   191/499     2.23G   0.01472  0.008506    0.0013   0.02453        42       640    0.9915    0.9938    0.9954    0.8611   0.01099  0.006252  0.001273
   192/499     2.23G   0.01504  0.008938  0.001234   0.02521        42       640    0.9909    0.9938    0.9955    0.8331   0.01391  0.007268  0.001191
   193/499     2.23G   0.01483  0.008786  0.001223   0.02484        45       640    0.9883    0.9938    0.9955    0.8717   0.01114  0.006691  0.001193
   194/499     2.23G   0.01486  0.008972  0.001279   0.02511        62       640    0.9896    0.9861    0.9939    0.8595   0.01184  0.006431  0.001205
   195/499     2.23G   0.01477  0.008579  0.001511   0.02486        61       640    0.9906     0.982    0.9911    0.8617   0.01115  0.006265  0.001264
   196/499     2.23G   0.01429    0.0087  0.001565   0.02455        45       640    0.9888    0.9937    0.9946    0.8472    0.0116  0.006561  0.001289
   197/499     2.23G   0.01486  0.009336  0.001372   0.02557        50       640    0.9877    0.9938    0.9943    0.8486   0.01195    0.0065  0.001295
   198/499     2.23G     0.014  0.008324  0.001329   0.02365        36       640     0.979    0.9938    0.9922    0.8776   0.01197  0.006311  0.001209
   199/499     2.23G    0.0144  0.008619  0.001217   0.02424        32       640    0.9896    0.9821    0.9911    0.8582    0.0117  0.006432  0.001175
   200/499     2.23G   0.01367  0.008072  0.001469   0.02321        55       640    0.9845    0.9937    0.9912    0.8683   0.01105  0.006539  0.001201
   201/499     2.23G   0.01435  0.008744  0.001379   0.02448        50       640    0.9882    0.9937    0.9913     0.867   0.01111  0.006441   0.00124
   202/499     2.23G   0.01341  0.008584  0.001332   0.02333        59       640    0.9906    0.9938    0.9918    0.8542    0.0114  0.006394  0.001255
   203/499     2.23G   0.01466  0.008746  0.001466   0.02487        46       640    0.9926    0.9938    0.9931    0.8276   0.01206  0.006692  0.001279
   204/499     2.23G   0.01513  0.008795  0.001335   0.02526        53       640    0.9923    0.9938    0.9954    0.8475   0.01212  0.006687  0.001286
   205/499     2.23G   0.01556  0.009184  0.001387   0.02613        54       640    0.9918    0.9938    0.9953    0.8814   0.01026  0.006322  0.001276
   206/499     2.23G    0.0146  0.008692  0.001297   0.02459        56       640      0.99    0.9938    0.9952    0.8806   0.01172  0.006224  0.001223
   207/499     2.23G   0.01393  0.008847  0.001222     0.024        48       640    0.9885    0.9937    0.9951    0.8806   0.01069  0.006325  0.001152
   208/499     2.23G   0.01275  0.007936  0.001226   0.02192        49       640    0.9899    0.9938    0.9949    0.8638    0.0119  0.006417  0.001131
   209/499     2.23G   0.01405  0.008145  0.001151   0.02334        46       640    0.9873    0.9938    0.9946    0.8648   0.01254  0.006608  0.001145
   210/499     2.23G   0.01508  0.008311   0.00132   0.02471        48       640    0.9854    0.9937     0.994    0.8673    0.0111  0.006254  0.001293
   211/499     2.23G   0.01403  0.007718  0.001571   0.02332        51       640    0.9893    0.9896    0.9941    0.8773   0.01086  0.006149  0.001331
   212/499     2.23G   0.01425  0.008124  0.001359   0.02373        36       640    0.9888    0.9896     0.994    0.8519   0.01118  0.006375  0.001305
   213/499     2.23G   0.01282  0.008527   0.00119   0.02254        42       640    0.9884    0.9937     0.995    0.8814   0.01091  0.006261  0.001227
   214/499     2.23G    0.0142   0.00863  0.001315   0.02415        61       640    0.9913    0.9937    0.9953    0.8511   0.01202  0.006557  0.001198
   215/499     2.23G   0.01414  0.008603  0.001436   0.02418        36       640    0.9881    0.9938    0.9942    0.8704    0.0108  0.006415   0.00122
   216/499     2.23G   0.01378  0.008202  0.001328   0.02331        46       640      0.99    0.9829    0.9915    0.8775   0.01107  0.006366  0.001213
   217/499     2.23G   0.01349  0.008297  0.001338   0.02312        52       640    0.9903    0.9821    0.9913    0.8519   0.01181  0.006291  0.001167
   218/499     2.23G   0.01331   0.00858  0.001182   0.02307        53       640    0.9918     0.982    0.9927    0.8684   0.01141  0.006323  0.001115
   219/499     2.23G   0.01365  0.008187  0.001249   0.02308        63       640    0.9909    0.9819    0.9939    0.8552   0.01117  0.006245   0.00113
   220/499     2.23G   0.01469  0.007856  0.001357    0.0239        45       640    0.9866    0.9825    0.9952    0.8469   0.01141  0.006658  0.001195
   221/499     2.23G    0.0134  0.007938  0.001262    0.0226        62       640    0.9859    0.9831    0.9955    0.8771   0.01044  0.006168  0.001156
   222/499     2.23G   0.01423  0.008435  0.001184   0.02385        37       640    0.9874    0.9917    0.9952    0.8554   0.01187   0.00642  0.001128
   223/499     2.23G   0.01215  0.007947  0.001374   0.02147        42       640    0.9898    0.9937    0.9953    0.8578   0.01131  0.006548  0.001092
   224/499     2.23G   0.01278  0.007897  0.001177   0.02186        41       640    0.9911    0.9837    0.9932    0.8623   0.01097  0.006461  0.001082
   225/499     2.23G   0.01367  0.008701   0.00118   0.02356        40       640    0.9908    0.9839    0.9928     0.878   0.01042  0.006305  0.001097
   226/499     2.23G   0.01427  0.008703  0.001282   0.02425        48       640     0.991    0.9843     0.993    0.8765   0.01114  0.006811  0.001125
   227/499     2.23G   0.01273  0.008197  0.001218   0.02215        53       640    0.9896    0.9896    0.9936    0.8758   0.01091  0.006312  0.001103
   228/499     2.23G   0.01381  0.008008  0.001211   0.02303        49       640     0.988    0.9896    0.9941    0.8604   0.01221  0.006967  0.001057
   229/499     2.23G   0.01371  0.008139  0.001159   0.02301        50       640    0.9931    0.9826    0.9949     0.857   0.01085    0.0062  0.001033
   230/499     2.23G   0.01351    0.0081  0.001225   0.02283        65       640    0.9869    0.9917     0.995    0.8795   0.01039  0.006164  0.001046
   231/499     2.23G   0.01314  0.008129  0.001137   0.02241        48       640    0.9909    0.9824    0.9943    0.8587   0.01149   0.00642  0.001064
   232/499     2.23G   0.01319   0.00785  0.001115   0.02215        31       640    0.9916    0.9817    0.9946    0.8714   0.01042  0.006019  0.001075
   233/499     2.23G   0.01154  0.008169  0.001093    0.0208        42       640    0.9795    0.9938    0.9939    0.8748   0.01048  0.005983  0.001039
   234/499     2.23G   0.01258  0.007882   0.00115   0.02161        55       640    0.9844    0.9938    0.9938    0.8793    0.0107  0.006332  0.001036
   235/499     2.23G   0.01407  0.008458  0.001141   0.02367        43       640    0.9879    0.9937    0.9943    0.8905   0.01047  0.006369  0.001114
   236/499     2.23G   0.01343  0.008162  0.001173   0.02277        58       640     0.988    0.9938    0.9951    0.8831   0.01112  0.006278  0.001119
   237/499     2.23G   0.01222  0.007703  0.001191   0.02111        54       640    0.9911    0.9922    0.9947    0.8827    0.0107  0.006269  0.001089
   238/499     2.23G     0.012  0.007919  0.001053   0.02097        40       640    0.9878    0.9896    0.9919    0.8561   0.01107  0.006397  0.001047
   239/499     2.23G     0.013     0.008  0.001138   0.02213        49       640    0.9931     0.982    0.9915    0.8584   0.01103  0.006439   0.00103
   240/499     2.23G   0.01482  0.008175  0.001198   0.02419        38       640    0.9936    0.9821    0.9923     0.875   0.01034   0.00652  0.001044
   241/499     2.23G   0.01401  0.008434  0.001155    0.0236        50       640    0.9938     0.984    0.9921     0.874   0.01043  0.006251  0.001026
   242/499     2.23G   0.01358  0.007838  0.001095   0.02251        60       640    0.9874    0.9937     0.993    0.8913  0.009962  0.006115  0.001024
   243/499     2.23G   0.01213   0.00773   0.00102   0.02088        29       640    0.9902    0.9937    0.9944    0.8735   0.01117   0.00605 0.0009847
   244/499     2.23G   0.01249  0.007775  0.001131    0.0214        41       640     0.988    0.9917    0.9941    0.8743   0.01041  0.005993 0.0009529
   245/499     2.23G   0.01321  0.007521  0.001055   0.02178        56       640    0.9937    0.9845    0.9947    0.8879   0.01005   0.00595 0.0009779
   246/499     2.23G   0.01266  0.007799  0.001216   0.02167        46       640    0.9912    0.9832    0.9944    0.8972  0.009541  0.005759  0.001048
   247/499     2.23G     0.012  0.008054  0.001354    0.0214        39       640    0.9874    0.9832    0.9937    0.8889    0.0099  0.006184  0.001087
   248/499     2.23G   0.01103  0.008219  0.001103   0.02035        56       640    0.9874    0.9828     0.993    0.8817   0.01018  0.006345  0.001054
   249/499     2.23G   0.01229  0.007786   0.00109   0.02116        50       640    0.9894    0.9824    0.9925    0.8752   0.01133   0.00654 0.0009999
   250/499     2.23G   0.01243  0.007764  0.001063   0.02126        42       640    0.9859    0.9896    0.9939    0.8697   0.01032  0.006272  0.000984
   251/499     2.23G   0.01253  0.007738  0.001026   0.02129        45       640    0.9897    0.9875    0.9943    0.8686   0.01089  0.006155  0.000961
   252/499     2.23G   0.01263  0.007886 0.0009835    0.0215        68       640    0.9925    0.9844     0.994    0.8629   0.01116  0.006159 0.0009362
   253/499     2.23G    0.0119  0.007729  0.001006   0.02063        38       640    0.9898    0.9896    0.9934    0.8859    0.0105  0.005864  0.000925
   254/499     2.23G   0.01128  0.007393  0.001085   0.01976        35       640    0.9921    0.9896    0.9934    0.8796   0.01024  0.005901 0.0009247
   255/499     2.23G    0.0121  0.008065  0.001044   0.02121        50       640    0.9912    0.9898     0.995    0.8885   0.01013  0.005957 0.0009693
   256/499     2.23G   0.01258  0.007753  0.001099   0.02143        45       640    0.9886    0.9895    0.9949    0.8904   0.01036   0.00584 0.0009863
   257/499     2.23G   0.01169  0.007832   0.00106   0.02058        47       640    0.9921    0.9831    0.9948    0.8731   0.01054  0.005906 0.0009883
   258/499     2.23G   0.01102  0.007479  0.001258   0.01976        39       640    0.9935    0.9879    0.9949    0.9016  0.009416  0.005613 0.0009781
   259/499     2.23G   0.01128  0.007834 0.0009666   0.02009        49       640    0.9884    0.9938    0.9947    0.8991  0.009612  0.005613 0.0009829
   260/499     2.23G   0.01312  0.008071  0.001017   0.02221        37       640    0.9864    0.9937    0.9935    0.8746   0.01037    0.0057  0.001018
   261/499     2.23G   0.01301  0.007886  0.001038   0.02193        44       640    0.9851    0.9937    0.9918    0.8786  0.009981  0.005887 0.0009974
   262/499     2.23G   0.01242  0.007582  0.001083   0.02109        49       640    0.9887    0.9896     0.993    0.8813    0.0109  0.006342 0.0009731
   263/499     2.23G   0.01126  0.007141  0.001083   0.01949        40       640    0.9887    0.9898    0.9935    0.8795   0.01036  0.006142 0.0009614
   264/499     2.23G   0.01244  0.007307 0.0009719   0.02072        51       640    0.9909     0.984    0.9929    0.8683   0.01088  0.006015 0.0009206
   265/499     2.23G   0.01224  0.007468  0.001069   0.02078        31       640    0.9915    0.9836    0.9919    0.8591   0.01058   0.00609 0.0009291
   266/499     2.23G   0.01186  0.008049 0.0009976    0.0209        61       640    0.9872    0.9937    0.9936    0.8622   0.01101   0.00635 0.0009486
   267/499     2.23G   0.01178  0.007502 0.0009481   0.02023        39       640     0.984    0.9938     0.995    0.8588   0.01072   0.00663 0.0009643
   268/499     2.23G   0.01111  0.007265  0.001057   0.01944        36       640    0.9835    0.9937    0.9938     0.878  0.009966  0.006108 0.0009404
   269/499     2.23G   0.01238  0.007668 0.0009142   0.02097        57       640    0.9837    0.9938    0.9913     0.856   0.01125  0.006166 0.0009435
   270/499     2.23G   0.01252  0.007556 0.0009309     0.021        49       640    0.9892    0.9838    0.9913    0.8783   0.01002   0.00578 0.0009234
   271/499     2.23G   0.01126  0.006988 0.0009064   0.01915        42       640    0.9901    0.9847    0.9943    0.8895   0.01011  0.005742 0.0008873
   272/499     2.23G   0.01246  0.007984 0.0009137   0.02136        47       640      0.99    0.9937    0.9953    0.8799   0.01061  0.005929  0.000894
   273/499     2.23G   0.01109  0.006969  0.001108   0.01916        40       640    0.9875    0.9938    0.9952    0.8786  0.009922  0.005818 0.0009185
   274/499     2.23G   0.01099  0.007627 0.0009331   0.01955        51       640    0.9827    0.9937    0.9948    0.8753   0.01029  0.005753 0.0009429
   275/499     2.23G   0.01119  0.007199 0.0009482   0.01933        41       640    0.9858    0.9906    0.9942    0.8751   0.01012   0.00585 0.0009349
   276/499     2.23G   0.01153  0.007998  0.001026   0.02056        39       640    0.9934    0.9824    0.9917    0.8833  0.009326  0.005605 0.0008808
   277/499     2.23G    0.0106   0.00705 0.0009868   0.01864        44       640    0.9933    0.9824    0.9922    0.8853  0.009907  0.005661 0.0008819
   278/499     2.23G   0.01058  0.007235  0.001032   0.01885        38       640    0.9932    0.9833    0.9933    0.8765   0.01009  0.005949 0.0008757
   279/499     2.23G   0.01116  0.007336  0.001064   0.01956        56       640    0.9846    0.9865    0.9944    0.8874   0.01037  0.005795 0.0009871
   280/499     2.23G   0.01248  0.007902  0.000999   0.02138        36       640    0.9847    0.9821    0.9946    0.8733   0.01073  0.005708  0.001125
   281/499     2.23G   0.01229  0.007998  0.000997   0.02128        61       640    0.9867    0.9847    0.9944    0.8648   0.01009  0.005911  0.001028
   282/499     2.23G   0.01114  0.007399  0.001073   0.01961        40       640    0.9811    0.9937    0.9937    0.8753   0.01034  0.006031 0.0009174
   283/499     2.23G   0.01024  0.007199 0.0009914   0.01843        51       640    0.9844    0.9938    0.9947    0.8866   0.01002  0.005905 0.0008671
   284/499     2.23G   0.01062  0.007274 0.0008945   0.01879        40       640    0.9876    0.9937    0.9953    0.8721   0.01002  0.005907 0.0008455
   285/499     2.23G   0.01103  0.007559 0.0008443   0.01943        45       640    0.9868    0.9938    0.9954    0.8763  0.009904  0.005733 0.0008903
   286/499     2.23G   0.01087    0.0074  0.000899   0.01917        41       640    0.9886    0.9937    0.9954    0.8768   0.01022  0.005903 0.0009028
   287/499     2.23G   0.01109  0.007468     0.001   0.01956        48       640    0.9882    0.9938    0.9953    0.8565   0.01039  0.006091 0.0008804
   288/499     2.23G   0.01056  0.007324 0.0009105   0.01879        37       640    0.9868    0.9937    0.9949    0.8719    0.0103  0.006104 0.0008537
   289/499     2.23G   0.01096  0.007434 0.0009086    0.0193        62       640    0.9875    0.9902    0.9947    0.8886   0.00971  0.005539 0.0008105
   290/499     2.23G   0.01207  0.007476 0.0008479   0.02039        39       640    0.9805    0.9937    0.9947    0.8889  0.009492  0.005636 0.0008514
   291/499     2.23G   0.01139  0.007116 0.0008278   0.01933        43       640    0.9871    0.9858    0.9946    0.8863  0.009797  0.005912 0.0008776
   292/499     2.23G   0.01033  0.006946 0.0007812   0.01806        57       640    0.9843    0.9902    0.9944    0.8865  0.009952  0.005865 0.0008195
   293/499     2.23G   0.01014  0.007025 0.0007956   0.01796        42       640    0.9892    0.9836    0.9935    0.8895  0.009867  0.005894 0.0007869
   294/499     2.23G   0.01069  0.007095 0.0007879   0.01857        53       640      0.99     0.984    0.9914    0.8859  0.009566  0.005653 0.0007753
   295/499     2.23G   0.01101  0.007315 0.0007997   0.01912        40       640    0.9909    0.9899    0.9929    0.8845  0.009674  0.005581 0.0007791
   296/499     2.23G   0.01135  0.007715 0.0008949   0.01996        51       640    0.9895    0.9938    0.9941    0.8837  0.009963    0.0057 0.0007949
   297/499     2.23G   0.01093  0.007636 0.0008738   0.01944        38       640     0.987    0.9937    0.9947    0.8645   0.01023  0.005933 0.0008246
   298/499     2.23G    0.0102  0.006838 0.0008212   0.01786        65       640    0.9865    0.9937    0.9947    0.8888  0.009627  0.006117 0.0008184
   299/499     2.23G   0.01046  0.007495 0.0009447    0.0189        60       640    0.9841    0.9937    0.9942    0.8866  0.009441  0.005901 0.0008169
   300/499     2.23G   0.01114  0.007217 0.0008399   0.01919        57       640    0.9815    0.9913    0.9942    0.8925   0.00957  0.005952 0.0008587
   301/499     2.23G   0.01047  0.006962 0.0009345   0.01836        35       640    0.9892    0.9846    0.9941    0.8936  0.009527  0.005784 0.0008824
   302/499     2.23G   0.01038  0.007006 0.0009281   0.01832        36       640    0.9835     0.991    0.9926    0.8839  0.009889   0.00571  0.000846
   303/499     2.23G   0.01011  0.006963 0.0008498   0.01793        47       640    0.9867    0.9881    0.9911    0.8868  0.009495   0.00556 0.0008041
   304/499     2.23G   0.01069  0.006624 0.0008464   0.01816        51       640    0.9897    0.9843    0.9905    0.8886  0.009425   0.00565 0.0007895
   305/499     2.23G   0.01144  0.007269 0.0009055   0.01962        38       640    0.9882    0.9896    0.9907    0.8777  0.009802  0.005766 0.0008403
   306/499     2.23G   0.01044  0.007033  0.000916   0.01839        47       640    0.9813    0.9907     0.992    0.8924  0.009542  0.005647 0.0009464
   307/499     2.23G   0.01066   0.00761 0.0008584   0.01913        62       640    0.9915    0.9778    0.9913    0.8806  0.009801  0.005747  0.001013
   308/499     2.23G  0.009604  0.006718 0.0009152   0.01724        49       640    0.9929    0.9775    0.9914    0.8794  0.009533  0.005509 0.0009525
   309/499     2.23G  0.009933  0.006991 0.0007617   0.01769        53       640     0.986      0.99    0.9912    0.8815  0.009359  0.005312 0.0007816
   310/499     2.23G   0.01122  0.007649  0.000777   0.01964        45       640    0.9915    0.9831    0.9913    0.8937  0.009325  0.005412 0.0007386
   311/499     2.23G   0.01055  0.007187 0.0008843   0.01862        54       640    0.9918    0.9839    0.9915    0.8953  0.009478  0.005506  0.000755
   312/499     2.23G   0.01123  0.007776 0.0008599   0.01987        45       640    0.9879    0.9938    0.9945    0.8713   0.01002  0.006014 0.0007707
   313/499     2.23G  0.009312  0.006911 0.0008098   0.01703        41       640    0.9904    0.9938    0.9948     0.885  0.009303  0.006046 0.0007776
   314/499     2.23G  0.009644   0.00667 0.0007652   0.01708        34       640    0.9897    0.9938    0.9934    0.8767   0.01006  0.006199 0.0007642
   315/499     2.23G    0.0104  0.006648 0.0008478    0.0179        44       640    0.9875    0.9937    0.9924    0.8778  0.009864  0.006018 0.0007702
   316/499     2.23G    0.0104   0.00712 0.0009062   0.01843        49       640    0.9847    0.9903    0.9925    0.8907  0.009257  0.005667  0.000811
   317/499     2.23G  0.009548  0.006968 0.0008107   0.01733        52       640    0.9861    0.9853    0.9913    0.8861  0.009634   0.00557 0.0008629
   318/499     2.23G  0.009927  0.006796 0.0008003   0.01752        36       640    0.9876    0.9801    0.9912    0.8886  0.009312  0.005645 0.0008864
   319/499     2.23G   0.01032   0.00732 0.0007825   0.01843        67       640    0.9828    0.9884    0.9912    0.8878  0.009408  0.005401  0.000822
   320/499     2.23G   0.01117   0.00768 0.0008089   0.01966        60       640    0.9859    0.9938    0.9913    0.8817  0.009578  0.005542 0.0007369
   321/499     2.23G  0.009975  0.006865 0.0007806   0.01762        37       640    0.9864    0.9937    0.9917    0.8746  0.009727   0.00595 0.0007216
   322/499     2.23G   0.01002  0.006721 0.0007932   0.01754        52       640    0.9891    0.9938    0.9938    0.8691   0.00978  0.006138 0.0007154
   323/499     2.23G  0.009503   0.00652 0.0008552   0.01688        52       640    0.9887    0.9938    0.9937     0.873  0.009894  0.006208 0.0007068
   324/499     2.23G  0.009613  0.006759 0.0007062   0.01708        49       640    0.9869    0.9938    0.9947    0.8788  0.009824  0.006306 0.0007151
   325/499     2.23G   0.01018  0.006835 0.0009052   0.01792        41       640    0.9917    0.9816    0.9948    0.8864  0.009578  0.005878  0.000821
   326/499     2.23G   0.01003   0.00699  0.000819   0.01784        48       640    0.9902    0.9829     0.995    0.8934  0.009205  0.005744 0.0007789
   327/499     2.23G   0.00959  0.006949 0.0008495   0.01739        61       640    0.9879    0.9867    0.9946    0.9057  0.009329  0.005727 0.0007348
   328/499     2.23G   0.01011  0.006464 0.0008575   0.01743        51       640    0.9844     0.991    0.9926    0.8908  0.009638  0.005565 0.0007244
   329/499     2.23G   0.01009  0.006887 0.0007837   0.01776        51       640    0.9895    0.9875    0.9915    0.8836  0.009746  0.005808 0.0007226
   330/499     2.23G   0.01031  0.007078 0.0007347   0.01812        54       640    0.9916    0.9847    0.9912    0.8847   0.01006  0.005983 0.0007356
   331/499     2.23G   0.01057  0.006942 0.0008039   0.01832        56       640    0.9902    0.9843    0.9912    0.8975  0.009652  0.005702 0.0007374
   332/499     2.23G   0.00987  0.007055 0.0008283   0.01775        42       640    0.9876    0.9822    0.9912    0.9034  0.008905  0.005545 0.0007255
   333/499     2.23G  0.009255  0.006598 0.0007681   0.01662        80       640    0.9885    0.9818    0.9915    0.8862  0.009428  0.005658   0.00072
   334/499     2.23G  0.009666  0.006812 0.0007106   0.01719        64       640    0.9879    0.9927    0.9928    0.8916  0.009486  0.005495 0.0007615
   335/499     2.23G  0.009863  0.006892 0.0007328   0.01749        42       640    0.9914    0.9831    0.9928    0.8867  0.009287  0.005446 0.0008152
   336/499     2.23G  0.009435  0.006833 0.0007271   0.01699        67       640    0.9872    0.9938    0.9932    0.8892  0.009339  0.005555 0.0007365
   337/499     2.23G  0.009639   0.00651 0.0006847   0.01683        48       640    0.9908    0.9926    0.9929    0.8911  0.009293  0.005716 0.0006953
   338/499     2.23G  0.009297  0.006759 0.0008284   0.01688        57       640    0.9877    0.9937    0.9921    0.8777   0.00991  0.006143 0.0007148
   339/499     2.23G   0.00917  0.006545 0.0007022   0.01642        51       640    0.9887    0.9846     0.992    0.8908  0.009608  0.005626  0.000801
   340/499     2.23G   0.01003  0.006932 0.0007853   0.01774        29       640    0.9867    0.9852    0.9926    0.8829   0.00967  0.005621 0.0008035
   341/499     2.23G  0.009654  0.007002 0.0007212   0.01738        63       640    0.9894    0.9799    0.9923    0.8935  0.009396  0.005466 0.0007623
   342/499     2.23G  0.009471  0.006559 0.0007173   0.01675        54       640    0.9806     0.991    0.9927    0.8861  0.009396  0.005537 0.0007049
   343/499     2.23G  0.009604  0.006964 0.0006793   0.01725        51       640    0.9813    0.9918    0.9921     0.879  0.009638  0.005711 0.0006982
   344/499     2.23G  0.009938  0.006949 0.0006782   0.01757        37       640    0.9877    0.9907    0.9922    0.8736  0.009999  0.005868 0.0006671
   345/499     2.23G  0.009202  0.006522  0.000688   0.01641        51       640    0.9915    0.9898    0.9925    0.8869  0.009659  0.005761 0.0006507
   346/499     2.23G   0.00939  0.006629 0.0007053   0.01672        44       640     0.992    0.9896    0.9929    0.8815  0.009259  0.005524 0.0006535
   347/499     2.23G  0.009276  0.006572  0.000699   0.01655        44       640    0.9909    0.9877    0.9916    0.8886  0.009457  0.005597 0.0006543
   348/499     2.23G   0.00918  0.007176 0.0006618   0.01702        46       640    0.9902    0.9875    0.9918    0.8904  0.009649  0.005746 0.0006559
   349/499     2.23G  0.009639   0.00698 0.0006608   0.01728        39       640    0.9887    0.9892    0.9924    0.8862  0.009206  0.005976 0.0006698
   350/499     2.23G   0.01001  0.006733 0.0008661   0.01761        42       640    0.9811    0.9937    0.9932    0.8855  0.009864  0.006119 0.0007536
   351/499     2.23G  0.009715  0.006794 0.0007386   0.01725        42       640    0.9917    0.9759    0.9922    0.8743  0.009747  0.005899  0.000954
   352/499     2.23G  0.009328  0.006531 0.0006919   0.01655        45       640    0.9891    0.9789    0.9921    0.8787  0.009361  0.006059 0.0008925
   353/499     2.23G  0.009081  0.006735 0.0007927   0.01661        51       640    0.9804    0.9909    0.9916    0.8812  0.009463  0.005846  0.000726
   354/499     2.23G  0.008889  0.006539 0.0006345   0.01606        51       640    0.9889    0.9893    0.9912    0.8926  0.008948  0.005353 0.0006633
   355/499     2.23G  0.009679  0.007155 0.0006424   0.01748        50       640     0.992    0.9898    0.9919    0.8928  0.009205  0.005607 0.0006334
   356/499     2.23G  0.009135  0.006566 0.0006468   0.01635        39       640    0.9932    0.9883     0.992    0.8879  0.009321  0.005659 0.0006267
   357/499     2.23G   0.00929  0.007038 0.0006426   0.01697        55       640    0.9947    0.9878    0.9931    0.8829  0.009204  0.005523 0.0006305
   358/499     2.23G  0.008911  0.006698 0.0007314   0.01634        50       640    0.9884    0.9937     0.994    0.8823  0.009291  0.005557 0.0006618
   359/499     2.23G  0.008901  0.006867 0.0006765   0.01644        46       640     0.989    0.9833    0.9932    0.8855  0.009121  0.005516 0.0007646
   360/499     2.23G  0.009374  0.006849 0.0006657   0.01689        43       640    0.9884    0.9831    0.9925    0.8926  0.009157  0.005709 0.0008541
   361/499     2.23G   0.00895  0.006541 0.0006656   0.01616        39       640    0.9909    0.9791    0.9927    0.8987  0.009312  0.005604 0.0007251
   362/499     2.23G  0.008704  0.006555 0.0006941   0.01595        51       640    0.9891    0.9878    0.9935    0.8827  0.009158  0.005383 0.0006252
   363/499     2.23G  0.008641   0.00641 0.0005937   0.01564        34       640    0.9901    0.9875    0.9929    0.8832   0.00932  0.005494 0.0005936
   364/499     2.23G  0.009118  0.006248 0.0005751   0.01594        49       640     0.992    0.9896    0.9932    0.8894  0.009183  0.005667 0.0005864
   365/499     2.23G  0.009474  0.006742 0.0006055   0.01682        63       640    0.9882    0.9937     0.994    0.8822  0.009288  0.005732 0.0005927
   366/499     2.23G  0.008708  0.006711 0.0006092   0.01603        54       640    0.9879    0.9938     0.992    0.8832  0.009325  0.005578  0.000605
   367/499     2.23G  0.008608  0.006128 0.0006113   0.01535        50       640    0.9883    0.9937    0.9918    0.8852  0.009302  0.005753 0.0006166
   368/499     2.23G  0.008673  0.006557 0.0006155   0.01584        53       640    0.9924    0.9893    0.9922    0.8842  0.009137  0.005701 0.0006073
   369/499     2.23G  0.009089  0.006722 0.0006167   0.01643        67       640    0.9927    0.9893    0.9938    0.8879  0.009244  0.005804  0.000597
   370/499     2.23G  0.009187   0.00616 0.0006133   0.01596        41       640    0.9919    0.9903    0.9929    0.8844    0.0097  0.005811  0.000589
   371/499     2.23G  0.008848  0.006369 0.0005751   0.01579        43       640    0.9922      0.99    0.9923    0.8876  0.009213  0.005765 0.0005843
   372/499     2.23G  0.009377  0.006492 0.0005924   0.01646        30       640    0.9933    0.9892    0.9926    0.8892  0.009405  0.005761 0.0005779
   373/499     2.23G  0.008859  0.006896  0.000589   0.01634        50       640    0.9901    0.9937    0.9931    0.8851  0.009224  0.005778 0.0005732
   374/499     2.23G   0.00847  0.006683 0.0005733   0.01573        45       640    0.9925    0.9938    0.9947    0.8825  0.009363  0.005894 0.0005681
   375/499     2.23G  0.009097  0.006106 0.0005788   0.01578        45       640    0.9923    0.9937    0.9945    0.8882  0.009148   0.00586 0.0005655
   376/499     2.23G  0.008494  0.006393 0.0006103    0.0155        48       640    0.9937    0.9901    0.9942    0.8982  0.009168  0.005706 0.0005616
   377/499     2.23G  0.008542  0.006781 0.0005683   0.01589        52       640     0.994    0.9875    0.9922     0.885  0.009216  0.005694 0.0005571
   378/499     2.23G   0.00858  0.006119 0.0005754   0.01528        45       640    0.9945    0.9875    0.9926    0.8895  0.009128  0.005591 0.0005554
   379/499     2.23G  0.008703  0.006667 0.0005669   0.01594        40       640    0.9942    0.9896    0.9932    0.8955  0.009082  0.005577 0.0005531
   380/499     2.23G   0.00905  0.006761 0.0005883    0.0164        48       640    0.9914    0.9937    0.9936     0.892   0.00896  0.005556 0.0005558
   381/499     2.23G  0.009018  0.006944 0.0006162   0.01658        35       640    0.9877    0.9938     0.993     0.896  0.008956  0.005701 0.0005725
   382/499     2.23G   0.00873  0.006484 0.0005957   0.01581        36       640    0.9829    0.9935    0.9929    0.8759  0.009245  0.005883  0.000592
   383/499     2.23G  0.008274  0.006168   0.00073   0.01517        45       640    0.9925    0.9826    0.9933    0.8834  0.009671  0.005833 0.0006189
   384/499     2.23G  0.008767  0.006181 0.0006332   0.01558        54       640    0.9932    0.9819    0.9933    0.8893   0.00955  0.005662 0.0006246
   385/499     2.23G  0.008964  0.006235 0.0005496   0.01575        46       640    0.9888    0.9938    0.9947    0.8962  0.009219  0.005564  0.000574
   386/499     2.23G  0.008546   0.00618 0.0005566   0.01528        49       640    0.9926    0.9927    0.9953    0.9019  0.008956   0.00548 0.0005589
   387/499     2.23G  0.008413  0.006302 0.0005998   0.01531        55       640    0.9921    0.9917    0.9943    0.8879  0.009123  0.005614   0.00055
   388/499     2.23G  0.008254  0.006043 0.0006152   0.01491        49       640    0.9908    0.9938    0.9927    0.8835  0.009114   0.00561 0.0005471
   389/499     2.23G   0.00815  0.006121 0.0006095   0.01488        53       640    0.9924    0.9938    0.9932    0.8885  0.009237  0.005837 0.0005545
   390/499     2.23G  0.008615  0.006415 0.0005418   0.01557        61       640    0.9917    0.9938    0.9941    0.8878  0.009058  0.005722 0.0005726
   391/499     2.23G  0.008586   0.00622 0.0005769   0.01538        50       640    0.9914    0.9937     0.994    0.8876   0.00914  0.005515 0.0005637
   392/499     2.23G  0.008571  0.006288 0.0006429    0.0155        40       640    0.9904    0.9938    0.9942    0.8894  0.009104  0.005509  0.000555
   393/499     2.23G  0.008263  0.006112 0.0005367   0.01491        57       640    0.9894    0.9938    0.9943    0.8921   0.00907  0.005721 0.0005554
   394/499     2.23G  0.008161  0.005988 0.0006347   0.01478        36       640    0.9846    0.9923     0.994    0.8925  0.009144  0.005822 0.0005706
   395/499     2.23G  0.008571  0.006257 0.0005954   0.01542        38       640    0.9929    0.9819    0.9926    0.8982  0.008857   0.00563  0.000621
   396/499     2.23G  0.008403  0.006078 0.0005567   0.01504        48       640    0.9878    0.9853    0.9914    0.8909  0.008873  0.005766 0.0006007
   397/499     2.23G  0.008335  0.006488 0.0005906   0.01541        54       640     0.982    0.9914    0.9913    0.8911  0.008808  0.005747 0.0005843
   398/499     2.23G  0.008135  0.006201 0.0005007   0.01484        49       640    0.9843      0.99    0.9908    0.8942  0.009016  0.005975 0.0005598
   399/499     2.23G  0.008422  0.006988 0.0005546   0.01596        51       640    0.9835    0.9895    0.9907    0.8938  0.008929  0.005734   0.00056
   400/499     2.23G  0.008492  0.006484 0.0005765   0.01555        48       640    0.9847    0.9907    0.9908    0.8867  0.009272  0.005634 0.0005574
   401/499     2.23G  0.008619  0.006187 0.0005852   0.01539        35       640    0.9844    0.9937    0.9908    0.8797  0.009387  0.005767 0.0005472
   402/499     2.23G  0.008788   0.00664  0.000546   0.01597        53       640    0.9886    0.9902    0.9915    0.8752  0.009357  0.005789 0.0005352
   403/499     2.23G  0.008211  0.006469 0.0005448   0.01522        56       640    0.9897    0.9903    0.9925     0.879  0.009154  0.005734   0.00053
   404/499     2.23G  0.008253  0.006148 0.0005352   0.01494        52       640    0.9906    0.9897     0.992    0.8949  0.009076  0.005712 0.0005235
   405/499     2.23G  0.008384  0.006469 0.0005114   0.01536        47       640     0.993    0.9876    0.9913    0.8987  0.008723  0.005584 0.0005063
   406/499     2.23G  0.008658  0.006486 0.0005377   0.01568        45       640    0.9912    0.9887    0.9912    0.8986  0.008879  0.005614 0.0005145
   407/499     2.23G  0.008046  0.006048 0.0005006   0.01459        49       640    0.9866    0.9911    0.9908    0.8885  0.008896  0.005604  0.000539
   408/499     2.23G  0.008326  0.005832 0.0005288   0.01469        60       640    0.9854    0.9915    0.9908    0.8934  0.008985  0.005648 0.0005401
   409/499     2.23G  0.008393  0.006387  0.000501   0.01528        46       640    0.9883    0.9906    0.9908    0.8879   0.00885  0.005433 0.0005138
   410/499     2.23G  0.008478   0.00629 0.0004865   0.01526        53       640    0.9881    0.9911    0.9912    0.8972  0.008775  0.005576 0.0005084
   411/499     2.23G  0.008341  0.005966 0.0004896    0.0148        60       640    0.9912      0.99    0.9912      0.89  0.008826  0.005558  0.000499
   412/499     2.23G  0.008117   0.00642 0.0005331   0.01507        52       640    0.9834    0.9937    0.9912    0.8879  0.008968  0.005622 0.0005242
   413/499     2.23G  0.008167  0.006214 0.0004678   0.01485        43       640    0.9824    0.9885    0.9912    0.8911  0.008953  0.005562  0.000583
   414/499     2.23G  0.008137  0.006056 0.0004919   0.01469        42       640    0.9911     0.979    0.9914    0.8919  0.008806  0.005467 0.0006084
   415/499     2.23G   0.00808  0.006072 0.0004714   0.01462        62       640    0.9884      0.98     0.992    0.8914  0.008601  0.005498 0.0006333
   416/499     2.23G  0.007956  0.006444 0.0004926   0.01489        55       640    0.9875    0.9806     0.992    0.8888  0.008736  0.005751 0.0005986
   417/499     2.23G   0.00793  0.005977  0.000478   0.01438        39       640    0.9818    0.9902    0.9916    0.8904  0.008785   0.00567 0.0005336
   418/499     2.23G  0.008005  0.006178 0.0006064   0.01479        54       640    0.9889     0.978    0.9917    0.8927  0.008517  0.005465 0.0005892
   419/499     2.23G  0.007692   0.00644 0.0005982   0.01473        47       640    0.9871    0.9764    0.9926    0.8936  0.008661  0.005537 0.0008109
   420/499     2.23G  0.008083  0.006123 0.0005052   0.01471        40       640    0.9911    0.9762     0.994    0.8903  0.008913  0.005282 0.0007352
   421/499     2.23G  0.008311  0.006056 0.0005332    0.0149        32       640    0.9902     0.979    0.9934    0.8886  0.008998  0.005352 0.0005976
   422/499     2.23G  0.008389   0.00618 0.0004528   0.01502        47       640    0.9837    0.9937    0.9942    0.8913   0.00883  0.005371 0.0005158
   423/499     2.23G  0.008133  0.006208 0.0004693   0.01481        52       640    0.9897    0.9937     0.994    0.8988  0.008636  0.005344 0.0004903
   424/499     2.23G  0.008165  0.006569 0.0004981   0.01523        37       640    0.9893    0.9938    0.9936    0.8986  0.008691  0.005392 0.0004896
   425/499     2.23G  0.008287  0.006547 0.0004946   0.01533        48       640    0.9859    0.9938    0.9935     0.901  0.008648   0.00536 0.0004978
   426/499     2.23G  0.008386  0.006778 0.0004729   0.01564        50       640    0.9894    0.9937    0.9921    0.8921  0.008868  0.005379  0.000476
   427/499     2.23G   0.00812  0.006115 0.0005647    0.0148        55       640     0.991    0.9887     0.992    0.8954  0.008846  0.005246 0.0004687
   428/499     2.23G  0.007927  0.006022 0.0004998   0.01445        39       640     0.992    0.9878    0.9914    0.8893  0.009025  0.005233 0.0004674
   429/499     2.23G  0.008125  0.005782  0.000466   0.01437        47       640    0.9858    0.9913    0.9912    0.8904  0.009029  0.005424 0.0005094
   430/499     2.23G  0.007662  0.006148 0.0004735   0.01428        48       640    0.9821    0.9927    0.9907    0.8837  0.009238  0.005531 0.0005324
   431/499     2.23G  0.008124  0.005806 0.0004517   0.01438        43       640    0.9881      0.99    0.9917    0.8908  0.008881  0.005463 0.0004957
   432/499     2.23G  0.007897  0.006144 0.0004934   0.01453        53       640    0.9898    0.9875    0.9928     0.887  0.009078  0.005519 0.0004692
   433/499     2.23G  0.008145  0.006094 0.0004696   0.01471        63       640    0.9905    0.9875    0.9942    0.8849  0.009115  0.005452 0.0004539
   434/499     2.23G  0.008254  0.006325 0.0004644   0.01504        31       640    0.9912    0.9875    0.9948    0.8971  0.008794  0.005316 0.0004361
   435/499     2.23G  0.008215  0.006091 0.0004314   0.01474        52       640    0.9941    0.9819    0.9948    0.8895  0.008732  0.005166 0.0004309
   436/499     2.23G  0.008098  0.006281 0.0004398   0.01482        43       640    0.9943    0.9816    0.9944    0.8948   0.00898  0.005385 0.0004367
   437/499     2.23G  0.008167  0.006182 0.0005445   0.01489        37       640    0.9944    0.9814     0.994    0.8924  0.008722  0.005304 0.0004432
   438/499     2.23G  0.007906   0.00619  0.000473   0.01457        51       640     0.993    0.9833    0.9939    0.8889  0.008864  0.005343 0.0004446
   439/499     2.23G  0.007759  0.005923 0.0004455   0.01413        41       640    0.9874    0.9896    0.9932    0.8846  0.008836  0.005394  0.000445
   440/499     2.23G   0.00791   0.00577  0.000469   0.01415        50       640    0.9898    0.9896    0.9923    0.8965  0.008742  0.005328 0.0004445
   441/499     2.23G  0.008201  0.005839 0.0005249   0.01457        63       640    0.9925    0.9877    0.9929    0.8892  0.008856  0.005317 0.0004438
   442/499     2.23G   0.00814  0.006524 0.0005008   0.01517        45       640    0.9866    0.9915    0.9923    0.8879  0.008904  0.005525 0.0004593
   443/499     2.23G  0.007847  0.005931 0.0004877   0.01427        39       640    0.9843    0.9909    0.9917     0.894  0.008885  0.005673  0.000477
   444/499     2.23G  0.007898  0.006055 0.0004856   0.01444        39       640    0.9898    0.9905    0.9914    0.8961  0.008848  0.005714 0.0004449
   445/499     2.23G  0.008204  0.006353 0.0004529   0.01501        51       640    0.9928    0.9896    0.9913    0.8876  0.008912  0.005578  0.000429
   446/499     2.23G  0.008011  0.006324 0.0005048   0.01484        49       640    0.9918    0.9896    0.9913    0.8908  0.008784  0.005455 0.0004298
   447/499     2.23G  0.007915  0.006152 0.0004791   0.01455        37       640    0.9913    0.9899    0.9908    0.8857  0.008868  0.005405  0.000434
   448/499     2.23G  0.007644  0.006102 0.0004498    0.0142        57       640    0.9916    0.9896    0.9908    0.8821  0.008888  0.005531 0.0004412
   449/499     2.23G   0.00824  0.006448 0.0005066    0.0152        57       640    0.9895      0.99    0.9908    0.8937  0.008837  0.005587 0.0004563
   450/499     2.23G  0.008332   0.00626 0.0004713   0.01506        48       640    0.9856     0.991    0.9913    0.8919  0.008923  0.005449  0.000461
   451/499     2.23G  0.007808  0.006134 0.0004721   0.01441        63       640    0.9874    0.9901    0.9913    0.8921  0.008659  0.005225 0.0004421
   452/499     2.23G  0.007833  0.006039 0.0005453   0.01442        51       640    0.9886    0.9874    0.9913    0.8889  0.008957  0.005411 0.0004189
   453/499     2.23G  0.007928  0.005942 0.0004823   0.01435        40       640    0.9889    0.9875    0.9916    0.8885  0.008719  0.005427 0.0004327
   454/499     2.23G  0.007883  0.005672  0.000452   0.01401        33       640    0.9816    0.9908     0.992    0.8859  0.009112  0.005548 0.0004751
   455/499     2.23G  0.008193  0.006519  0.000462   0.01517        50       640    0.9918    0.9875     0.993    0.8985  0.008665  0.005495 0.0004249
   456/499     2.23G  0.007905  0.005737 0.0004682   0.01411        62       640    0.9914    0.9895     0.994    0.8934  0.008693  0.005492 0.0004153
   457/499     2.23G  0.008052   0.00616 0.0004497   0.01466        49       640     0.992    0.9887    0.9937    0.9031  0.008754  0.005561 0.0004217
   458/499     2.23G  0.007867  0.006099 0.0004396   0.01441        47       640    0.9908    0.9896    0.9916    0.8995  0.008757  0.005426 0.0004117
   459/499     2.23G  0.007861  0.006124 0.0004729   0.01446        34       640    0.9903    0.9896    0.9912    0.8992  0.008549  0.005259 0.0004025
   460/499     2.23G  0.008146  0.006178 0.0005005   0.01482        41       640    0.9919    0.9895    0.9913    0.8914  0.008654  0.005393 0.0004069
   461/499     2.23G  0.007796  0.006063 0.0004892   0.01435        58       640    0.9929    0.9897    0.9913    0.8959  0.008727  0.005462 0.0004115
   462/499     2.23G    0.0078  0.006117 0.0004404   0.01436        62       640    0.9924    0.9902    0.9913    0.8904  0.008866  0.005485 0.0004133
   463/499     2.23G  0.007605  0.005734 0.0004303   0.01377        50       640    0.9928     0.991    0.9913    0.8917  0.008868  0.005392 0.0004124
   464/499     2.23G  0.007678  0.005787 0.0004587   0.01392        47       640     0.994    0.9907    0.9916    0.8943   0.00895  0.005501 0.0004129
   465/499     2.23G  0.007683  0.006545 0.0004934   0.01472        58       640    0.9949    0.9899    0.9926    0.8948  0.008663  0.005356 0.0004103
   466/499     2.23G  0.007855   0.00633 0.0004149    0.0146        35       640    0.9901    0.9896    0.9929    0.8931  0.008737  0.005373 0.0004057
   467/499     2.23G  0.007857  0.006219 0.0004358   0.01451        56       640    0.9928    0.9834    0.9925    0.8915  0.008629  0.005254  0.000401
   468/499     2.23G  0.007696  0.006008 0.0004499   0.01415        59       640    0.9879    0.9896    0.9924    0.8945   0.00859  0.005205  0.000399
   469/499     2.23G  0.008046  0.006357 0.0004869   0.01489        35       640    0.9939    0.9875    0.9926    0.8887  0.008697   0.00529 0.0004062
   470/499     2.23G  0.007835  0.005717  0.000546    0.0141        32       640    0.9843    0.9918    0.9923    0.8945   0.00849  0.005207 0.0004502
   471/499     2.23G  0.007625  0.006461 0.0004198   0.01451        53       640    0.9915    0.9875    0.9923    0.8993  0.008746  0.005217 0.0004063
   472/499     2.23G   0.00766  0.005943 0.0004726   0.01408        51       640    0.9936    0.9823    0.9917     0.896  0.008915  0.005267 0.0003892
   473/499     2.23G   0.00775  0.006154 0.0003955    0.0143        38       640    0.9929    0.9837    0.9921     0.896  0.008812  0.005131 0.0003824
   474/499     2.23G  0.007651  0.005911 0.0004075   0.01397        40       640    0.9918    0.9895    0.9922    0.8975  0.008944  0.005264 0.0003823
   475/499     2.23G  0.007885  0.005709 0.0004243   0.01402        38       640    0.9941    0.9899    0.9917    0.8847  0.008889  0.005544 0.0003921
   476/499     2.23G  0.007771  0.005728 0.0004355   0.01393        50       640    0.9945    0.9897    0.9913    0.8939  0.008695  0.005429 0.0003978
   477/499     2.23G  0.007583  0.005977 0.0004156   0.01398        56       640    0.9943    0.9896    0.9912    0.8921  0.008602  0.005275 0.0003995
   478/499     2.23G  0.007922   0.00618 0.0004214   0.01452        47       640    0.9928    0.9895    0.9913     0.897  0.008591  0.005178 0.0003974
   479/499     2.23G  0.007603  0.005782 0.0003933   0.01378        47       640    0.9939    0.9876    0.9913    0.8899  0.008545  0.005133 0.0003971
   480/499     2.23G  0.007708  0.006334 0.0003984   0.01444        50       640    0.9913    0.9896    0.9914    0.8893  0.008661  0.005152 0.0003893
   481/499     2.23G  0.007555  0.006113 0.0004066   0.01408        54       640    0.9921    0.9896    0.9918    0.8929   0.00859  0.005291 0.0003907
   482/499     2.23G  0.007487   0.00568 0.0003896   0.01356        49       640    0.9939    0.9896    0.9916    0.9007  0.008532  0.005442 0.0003922
   483/499     2.23G  0.007727  0.005768 0.0003705   0.01387        45       640    0.9942    0.9896    0.9915    0.9011  0.008549  0.005402 0.0003879
   484/499     2.23G  0.007956   0.00628 0.0003943   0.01463        39       640    0.9933    0.9896    0.9919    0.8852  0.008841  0.005589 0.0003857
   485/499     2.23G  0.007912  0.006221 0.0003904   0.01452        46       640    0.9937    0.9878    0.9912    0.8961  0.008551  0.005543 0.0003856
   486/499     2.23G  0.007798  0.005462 0.0004052   0.01367        52       640    0.9934     0.988    0.9912    0.8901  0.008598   0.00558 0.0003877
   487/499     2.23G  0.007589  0.006156 0.0004113   0.01416        55       640    0.9925    0.9896    0.9913    0.8918  0.008643  0.005534 0.0004028
   488/499     2.23G  0.007436  0.005883 0.0004389   0.01376        51       640    0.9894    0.9844    0.9919    0.8869  0.008773  0.005441 0.0005116
   489/499     2.23G   0.00793   0.00563  0.000419   0.01398        41       640    0.9854    0.9857    0.9919    0.8882  0.008735  0.005318 0.0005535
   490/499     2.23G  0.007734  0.005697  0.000413   0.01384        50       640    0.9846     0.992    0.9924    0.8942  0.008666  0.005261 0.0004541
   491/499     2.23G  0.007615   0.00629 0.0004202   0.01432        45       640    0.9908      0.99    0.9921    0.8965   0.00848  0.005191  0.000416
   492/499     2.23G    0.0076  0.005798 0.0004541   0.01385        42       640    0.9935    0.9877    0.9919    0.8934  0.008638  0.005328 0.0003992
   493/499     2.23G  0.007607  0.006383 0.0003928   0.01438        46       640    0.9935    0.9876    0.9916    0.8888  0.008665  0.005314 0.0004005
   494/499     2.23G  0.007496  0.005795  0.000389   0.01368        30       640     0.992    0.9889    0.9913    0.8917  0.008966  0.005513  0.000415
   495/499     2.23G  0.007625  0.005897 0.0004458   0.01397        45       640    0.9923    0.9905    0.9915    0.8962  0.008901  0.005546 0.0004197
   496/499     2.23G  0.007832  0.005883  0.000401   0.01412        35       640    0.9936    0.9896     0.992    0.8911  0.008961  0.005544 0.0003989
   497/499     2.23G   0.00774  0.005397 0.0003917   0.01353        26       640    0.9927    0.9896    0.9928    0.8897  0.008809  0.005432 0.0003935
   498/499     2.23G  0.007743  0.005865  0.000399   0.01401        49       640    0.9913    0.9917    0.9931     0.888  0.008725  0.005486 0.0004076
   499/499     2.23G  0.007803  0.006381  0.000398   0.01458        45       640    0.9905    0.9922    0.9934    0.8928  0.008611  0.005444 0.0004168
